	T4 110 83.375486 12.617831 270.045024 0 0.0 0.0 0.0 0.0 0 0 0 0.000000 
	T4 210 119.624874 12.589345 90.045024 0 0.0 0.0 0.0 0.0 0 0 0 0.000000 
	T4 246 175.584888 20.755006 270.000000 0 0.0 0.0 0.0 0.0 0 0 0 0.187500 
	T4 248 183.348358 24.795982 270.000000 0 0.0 0.0 0.0 0.0 0 0 0 0.187500 
	T4 153 19.648004 100.032021 241.899605 0 0.0 0.0 0.0 0.0 0 0 0 0.187500 
	T4 143 26.413497 102.212558 82.371853 0 0.0 0.0 0.0 0.0 0 0 0 0.187500 
	T4 111 83.312347 15.367483 270.045024 0 0.0 0.0 0.0 0.0 0 0 0 0.000000 
	T4 209 120.187766 15.338506 90.045024 0 0.0 0.0 0.0 0.0 0 0 0 0.000000 
	T4 75 192.187408 45.169042 257.983051 9 0.000000 0.000000 0.187500 0.187500 1 1 0 0.781250 
	T4 99 185.748849 3.310364 270.266928 9 0.000000 0.000000 1.375000 1.375000 1 1 0 0.781250 
	T4 177 173.441020 36.677064 238.737082 0 0.0 0.0 0.0 0.0 0 0 0 0.187500 
	T4 74 192.187408 45.169042 77.983051 9 0.000000 0.000000 0.187500 0.187500 1 1 0 0.187500 
	T4 181 17.247844 78.573986 213.991492 9 0.000000 0.000000 0.000000 0.000000 1 1 0 0.000000 
	T4 136 25.486634 90.792408 33.991492 0 0.0 0.0 0.0 0.0 0 0 0 0.000000 
	T4 180 15.171577 79.966521 213.991492 9 0.000000 0.000000 0.000000 0.000000 1 1 0 0.000000 
	T4 143 31.233252 102.272035 276.214126 0 0.0 0.0 0.0 0.0 0 0 0 0.187500 
	T4 158 47.196416 91.263871 147.429689 9 0.000000 0.000000 0.187500 0.187500 1 1 0 0.187500 
	T4 158 49.670813 76.975816 7.786229 256 0.000000 0.000000 0.0 0.0 0 0 1 0.187696 
	T4 113 42.995990 59.572750 215.774989 0 0.0 0.0 0.0 0.0 0 0 0 0.187696 
	T4 168 16.718759 52.031447 179.821564 0 0.0 0.0 0.0 0.0 0 0 0 0.000000 
	T4 135 16.660853 70.625146 359.821564 0 0.0 0.0 0.0 0.0 0 0 0 0.000000 
	T4 244 158.014731 26.279414 231.977498 0 0.0 0.0 0.0 0.0 0 0 0 0.187500 
	T4 177 161.703853 29.164006 51.977498 0 0.0 0.0 0.0 0.0 0 0 0 0.187500 
	T4 174 116.450940 6.591151 270.293796 9 0.000000 0.000000 0.437500 0.437500 1 1 0 0.349535 
	T4 108 131.402706 9.168381 65.819523 0 0.0 0.0 0.0 0.0 0 0 0 0.349535 
	T4 175 147.936000 3.281250 270.000000 9 0.000000 0.000000 1.375000 1.375000 1 1 0 1.375000 
	T4 74 185.762379 3.281250 90.000000 9 0.000000 0.000000 1.375000 1.375000 1 1 0 1.375000 
	T4 101 169.375000 7.281250 270.000000 9 0.000000 0.000000 1.750000 1.750000 1 1 0 1.750000 
	T4 234 186.000000 7.281250 90.000000 9 0.000000 0.000000 1.750000 1.750000 1 1 0 1.750000 
	T4 175 147.936000 4.682824 260.537660 9 0.000000 0.000000 1.375000 1.375000 1 1 0 1.562500 
	T4 100 169.375000 7.281250 90.000000 9 0.000000 0.000000 1.750000 1.750000 1 1 0 1.562500 
	T4 200 100.811343 22.844827 270.013326 0 0.0 0.0 0.0 0.0 0 0 0 0.000000 
	T4 230 121.940762 22.839913 90.013326 0 0.0 0.0 0.0 0.0 0 0 0 0.000000 
	T4 205 120.875075 18.096053 90.045024 0 0.0 0.0 0.0 0.0 0 0 0 0.000000 
	T4 198 89.562546 18.120659 270.045024 0 0.0 0.0 0.0 0.0 0 0 0 0.000000 
	T4 173 97.249000 4.592450 262.819238 265 0.000000 0.000000 0.572500 0.572500 1 1 1 0.505000 
	T4 174 102.553780 5.260790 82.819238 9 0.000000 0.000000 0.437500 0.437500 1 1 0 0.505000 
	T4 172 73.625000 3.281250 270.000000 9 0.000000 0.000000 0.500000 0.500000 1 1 0 0.536250 
	T4 173 83.377454 3.281250 90.000000 9 0.000000 0.000000 0.572500 0.572500 1 1 0 0.536250 
	T4 173 97.249000 3.281250 270.000000 265 0.000000 0.000000 0.572500 0.572500 1 1 1 0.920787 
	T4 107 131.375358 3.281250 90.000000 0 0.0 0.0 0.0 0.0 0 0 0 0.920787 
	T4 106 131.375358 3.281250 270.000000 0 0.0 0.0 0.0 0.0 0 0 0 1.322037 
	T4 175 136.564853 3.281250 90.000000 9 0.000000 0.000000 1.375000 1.375000 1 1 0 1.322037 
	T4 98 131.402706 9.168381 245.819523 0 0.0 0.0 0.0 0.0 0 0 0 0.224535 
	T4 176 137.063437 12.242080 59.373459 9 0.000000 0.000000 0.187500 0.187500 1 1 0 0.224535 
	T4 174 102.588917 6.662232 90.293796 265 0.000000 0.000000 0.437500 0.437500 1 1 1 0.437500 
	T4 167 83.249458 6.715371 270.895916 9 0.000000 0.000000 0.437500 0.437500 1 1 0 0.437500 
	T4 196 68.562553 12.629471 270.045024 9 0.000000 0.000000 0.000000 0.000000 1 1 0 0.000000 
	T4 69 83.375486 12.617831 90.045024 0 0.0 0.0 0.0 0.0 0 0 0 0.000000 
	T4 165 68.342069 15.379247 270.045024 0 0.0 0.0 0.0 0.0 0 0 0 0.000000 
	T4 73 83.312347 15.367483 90.045024 0 0.0 0.0 0.0 0.0 0 0 0 0.000000 
	T4 113 40.830280 56.567154 35.774989 0 0.0 0.0 0.0 0.0 0 0 0 0.187536 
	T4 122 36.367776 50.374044 215.774989 9 0.000000 0.000000 0.187500 0.187500 1 1 0 0.187536 
	T4 92 42.995990 59.572750 35.774989 0 0.0 0.0 0.0 0.0 0 0 0 0.187590 
	T4 112 40.830280 56.567154 215.774989 0 0.0 0.0 0.0 0.0 0 0 0 0.187590 
	T4 170 5.802878 70.496829 186.717223 0 0.0 0.0 0.0 0.0 0 0 0 0.187500 
	T4 153 16.861932 98.228677 52.585192 9 0.000000 0.000000 0.187500 0.187500 1 1 0 0.187500 
	T4 121 48.481498 6.503036 100.821741 9 0.000000 0.000000 0.375000 0.375000 1 1 0 0.375000 
	T4 123 34.838687 13.346127 312.453948 9 0.000000 0.000000 0.375000 0.375000 1 1 0 0.375000 
	T4 122 35.644963 14.314184 319.752956 9 0.000000 0.000000 0.375000 0.375000 1 1 0 0.375000 
	T4 172 59.762795 4.682824 97.125015 265 0.000000 0.000000 0.500000 0.500000 1 1 1 0.437500 
	T4 120 48.481498 6.503036 280.821741 9 0.000000 0.000000 0.375000 0.375000 1 1 0 0.437500 
	T4 120 35.644963 14.314184 139.752956 9 0.000000 0.000000 0.375000 0.375000 1 1 0 0.281250 
	T4 112 36.367776 50.374044 35.774989 9 0.000000 0.000000 0.187500 0.187500 1 1 0 0.281250 
	T4 120 34.838687 13.346127 132.453948 9 0.000000 0.000000 0.375000 0.375000 1 1 0 0.305059 
	T4 124 25.054145 22.297550 312.453948 0 0.0 0.0 0.0 0.0 0 0 0 0.305059 
	T4 123 25.054145 22.297550 132.453948 0 0.0 0.0 0.0 0.0 0 0 0 0.117559 
	T4 168 16.750000 42.000000 359.649408 9 0.000000 0.000000 0.000000 0.000000 1 1 0 0.117559 
	T4 126 19.191225 60.876374 179.821564 0 0.0 0.0 0.0 0.0 0 0 0 0.000000 
	T4 255 19.160086 70.875124 359.821564 0 0.0 0.0 0.0 0.0 0 0 0 0.000000 
	T4 168 18.090166 52.039884 190.972748 0 0.0 0.0 0.0 0.0 0 0 0 0.000000 
	T4 125 19.191225 60.876374 359.821564 0 0.0 0.0 0.0 0.0 0 0 0 0.000000 
	T4 128 32.813694 11.132667 132.453948 9 0.000000 0.000000 0.500000 0.500000 1 1 0 0.424657 
	T4 162 23.029153 20.084090 312.453948 0 0.0 0.0 0.0 0.0 0 0 0 0.424657 
	T4 127 32.813694 11.132667 312.453948 9 0.000000 0.000000 0.500000 0.500000 1 1 0 0.500000 
	T4 172 59.762795 3.281250 90.000000 9 0.000000 0.000000 0.500000 0.500000 1 1 0 0.500000 
	T4 94 16.660853 70.625146 179.821564 0 0.0 0.0 0.0 0.0 0 0 0 0.000000 
	T4 89 25.486634 90.792408 213.991492 0 0.0 0.0 0.0 0.0 0 0 0 0.000000 
	T4 72 26.413497 102.212558 262.371853 0 0.0 0.0 0.0 0.0 0 0 0 0.187500 
	T4 91 31.233252 102.272035 96.214126 0 0.0 0.0 0.0 0.0 0 0 0 0.187500 
	T4 114 16.861932 98.228677 232.585192 9 0.000000 0.000000 0.187500 0.187500 1 1 0 0.187500 
	T4 72 19.648004 100.032021 61.899605 0 0.0 0.0 0.0 0.0 0 0 0 0.187500 
	T4 91 47.196416 91.263871 327.429689 9 0.000000 0.000000 0.187500 0.187500 1 1 0 0.187853 
	T4 164 50.930431 76.951557 183.326296 0 0.0 0.0 0.0 0.0 0 0 0 0.187853 
	T4 92 49.670813 76.975816 187.786229 0 0.0 0.0 0.0 0.0 0 0 0 0.187853 
	T4 162 12.286413 29.414320 136.514839 9 0.000000 0.000000 0.187500 0.187500 1 1 0 0.187500 
	T4 171 5.909912 42.760684 352.411446 0 0.0 0.0 0.0 0.0 0 0 0 0.187500 
	T4 179 7.151336 42.975372 356.871379 9 0.000000 0.000000 0.187500 0.187500 1 1 0 0.187500 
	T4 164 42.334707 54.068881 35.238833 9 0.000000 0.000000 0.189700 0.189700 1 1 0 0.188600 
	T4 167 37.938393 39.945935 179.342226 9 0.000000 0.000000 0.187500 0.187500 1 1 0 0.188600 
	T4 163 39.197775 39.911522 174.882293 9 0.000000 0.000000 0.185290 0.185290 1 1 0 0.188600 
	T4 220 203.858308 48.589287 108.674105 0 0.0 0.0 0.0 0.0 0 0 0 0.000000 
	T4 201 189.068107 48.776717 252.777498 0 0.0 0.0 0.0 0.0 0 0 0 0.000000 
	T4 188 189.394170 47.559791 248.317565 9 0.000000 0.000000 0.000000 0.000000 1 1 0 0.000000 
	T4 127 23.029153 20.084090 132.453948 0 0.0 0.0 0.0 0.0 0 0 0 0.268407 
	T4 159 12.286413 29.414320 316.514839 9 0.000000 0.000000 0.187500 0.187500 1 1 0 0.268407 
	T4 160 39.197775 39.911522 354.882293 9 0.000000 0.000000 0.185290 0.185290 1 1 0 0.180985 
	T4 195 44.992855 26.302619 138.985686 9 0.000000 0.000000 0.176680 0.176680 1 1 0 0.180985 
	T4 166 45.974824 27.091899 134.525753 9 0.000000 0.000000 0.187500 0.187500 1 1 0 0.180985 
	T4 158 50.930431 76.951557 3.326296 0 0.0 0.0 0.0 0.0 0 0 0 0.188988 
	T4 160 42.334707 54.068881 215.238833 9 0.000000 0.000000 0.189700 0.189700 1 1 0 0.188988 
	T4 166 54.274109 19.948459 305.941631 9 0.000000 0.000000 0.000000 0.000000 1 1 0 0.000000 
	T4 111 68.342069 15.379247 90.045024 0 0.0 0.0 0.0 0.0 0 0 0 0.000000 
	T4 197 68.391926 16.638111 85.585091 0 0.0 0.0 0.0 0.0 0 0 0 0.000000 
	T4 163 45.974824 27.091899 314.525753 9 0.000000 0.000000 0.187500 0.187500 1 1 0 0.093750 
	T4 165 54.274109 19.948459 125.941631 9 0.000000 0.000000 0.000000 0.000000 1 1 0 0.093750 
	T4 109 83.249458 6.715371 90.895916 9 0.000000 0.000000 0.437500 0.437500 1 1 0 0.312500 
	T4 160 37.938393 39.945935 359.342226 9 0.000000 0.000000 0.187500 0.187500 1 1 0 0.312500 
	T4 124 16.750000 42.000000 179.649408 9 0.000000 0.000000 0.000000 0.000000 1 1 0 0.000000 
	T4 94 16.688618 52.031308 359.649408 0 0.0 0.0 0.0 0.0 0 0 0 0.000000 
	T4 126 18.090166 52.039884 10.972748 0 0.0 0.0 0.0 0.0 0 0 0 0.000000 
	T4 179 7.379028 49.944113 186.871379 9 0.000000 0.000000 0.062500 0.062500 1 1 0 0.062500 
	T4 180 8.732311 61.174071 6.871379 9 0.000000 0.000000 0.062500 0.062500 1 1 0 0.062500 
	T4 181 10.123818 61.006386 16.333719 9 0.000000 0.000000 0.062500 0.062500 1 1 0 0.062500 
	T4 171 4.500000 56.625000 179.592208 9 0.000000 0.000000 0.187500 0.187500 1 1 0 0.187500 
	T4 258 4.401339 70.486854 359.592208 9 0.000000 0.000000 0.187500 0.187500 1 1 0 0.187500 
	T4 114 5.802878 70.496829 6.717223 0 0.0 0.0 0.0 0.0 0 0 0 0.187500 
	T4 170 4.500000 56.625000 359.592208 9 0.000000 0.000000 0.187500 0.187500 1 1 0 0.187500 
	T4 182 4.598661 42.763146 179.592208 9 0.000000 0.000000 0.187500 0.187500 1 1 0 0.187500 
	T4 159 6.000199 42.773121 172.467193 0 0.0 0.0 0.0 0.0 0 0 0 0.187500 
	T4 105 73.625000 3.281250 90.000000 9 0.000000 0.000000 0.500000 0.500000 1 1 0 0.500000 
	T4 128 59.762795 3.281250 270.000000 9 0.000000 0.000000 0.500000 0.500000 1 1 0 0.500000 
	T4 121 59.762795 4.682824 277.125015 9 0.000000 0.000000 0.500000 0.500000 1 1 0 0.500000 
	T4 105 83.377454 3.281250 270.000000 9 0.000000 0.000000 0.572500 0.572500 1 1 0 0.572500 
	T4 106 97.239659 3.281250 90.000000 9 0.000000 0.000000 0.572500 0.572500 1 1 0 0.572500 
	T4 104 97.239659 4.682824 82.874985 9 0.000000 0.000000 0.572500 0.572500 1 1 0 0.572500 
	T4 98 116.450940 6.591151 90.293796 9 0.000000 0.000000 0.437500 0.437500 1 1 0 0.437500 
	T4 109 102.588917 6.662232 270.293796 9 0.000000 0.000000 0.437500 0.437500 1 1 0 0.437500 
	T4 104 102.581730 5.260676 263.168781 9 0.000000 0.000000 0.437500 0.437500 1 1 0 0.437500 
	T4 107 136.624796 3.281250 270.000000 9 0.000000 0.000000 1.375000 1.375000 1 1 0 1.375000 
	T4 99 147.936000 3.281250 90.000000 9 0.000000 0.000000 1.375000 1.375000 1 1 0 1.375000 
	T4 101 147.936000 4.682824 80.537660 9 0.000000 0.000000 1.375000 1.375000 1 1 0 1.375000 
	T4 108 137.063437 12.242080 239.373459 9 0.000000 0.000000 0.187500 0.187500 1 1 0 0.187500 
	T4 244 146.796797 18.004461 59.373459 0 0.0 0.0 0.0 0.0 0 0 0 0.187500 
	T4 178 147.510815 16.798398 68.835799 0 0.0 0.0 0.0 0.0 0 0 0 0.187500 
	T4 97 161.705134 29.167462 231.612067 0 0.0 0.0 0.0 0.0 0 0 0 0.187500 
	T4 189 172.570667 37.775652 51.612067 9 0.000000 0.000000 0.187500 0.187500 1 1 0 0.187500 
	T4 75 173.441020 36.677064 58.737082 0 0.0 0.0 0.0 0.0 0 0 0 0.187500 
	T4 176 147.510815 16.798398 248.835799 0 0.0 0.0 0.0 0.0 0 0 0 0.187500 
	T4 245 156.865683 20.420189 68.835799 0 0.0 0.0 0.0 0.0 0 0 0 0.187500 
	T4 246 157.371710 19.113151 80.159139 0 0.0 0.0 0.0 0.0 0 0 0 0.187500 
	T4 159 7.151336 42.975372 176.871379 9 0.000000 0.000000 0.187500 0.187500 1 1 0 0.125000 
	T4 169 7.379028 49.944113 6.871379 9 0.000000 0.000000 0.062500 0.062500 1 1 0 0.125000 
	T4 169 8.732311 61.174071 186.871379 9 0.000000 0.000000 0.062500 0.062500 1 1 0 0.031250 
	T4 90 15.183208 79.983770 33.991492 9 0.000000 0.000000 0.000000 0.000000 1 1 0 0.031250 
	T4 169 10.123818 61.006386 196.333719 9 0.000000 0.000000 0.062500 0.062500 1 1 0 0.031250 
	T4 89 17.247844 78.573986 33.991492 9 0.000000 0.000000 0.000000 0.000000 1 1 0 0.031250 
	T4 262 5.762921 35.915546 161.108970 0 0.0 0.0 0.0 0.0 0 0 0 0.166255 
	T4 171 4.598661 42.763146 359.592208 9 0.000000 0.000000 0.187500 0.187500 1 1 0 0.166255 
	T4 262 9.010811 26.424385 341.108970 0 0.0 0.0 0.0 0.0 0 0 0 0.113909 
	T4 186 13.415919 13.551544 161.108970 0 0.0 0.0 0.0 0.0 0 0 0 0.113909 
	T4 185 9.009351 19.275412 341.108970 0 0.0 0.0 0.0 0.0 0 0 0 0.020567 
	T4 187 11.195953 12.885605 161.108970 9 0.000000 0.000000 0.000000 0.000000 1 1 0 0.020567 
	T4 262 7.684732 25.970599 352.432310 0 0.0 0.0 0.0 0.0 0 0 0 0.061972 
	T4 184 9.009351 19.275412 161.108970 0 0.0 0.0 0.0 0.0 0 0 0 0.061972 
	T4 183 13.415919 13.551544 341.108970 0 0.0 0.0 0.0 0.0 0 0 0 0.113909 
	T4 184 11.195953 12.885605 341.108970 9 0.000000 0.000000 0.000000 0.000000 1 1 0 0.000000 
	T4 161 189.394170 47.559791 68.317565 9 0.000000 0.000000 0.000000 0.000000 1 1 0 0.050049 
	T4 189 180.062500 42.937500 238.901125 0 0.0 0.0 0.0 0.0 0 0 0 0.050049 
	T4 188 180.062500 42.937500 58.901125 0 0.0 0.0 0.0 0.0 0 0 0 0.143799 
	T4 177 172.570667 37.775652 231.612067 9 0.000000 0.000000 0.187500 0.187500 1 1 0 0.143799 
	T4 163 44.992855 26.302619 318.985686 9 0.000000 0.000000 0.176680 0.176680 1 1 0 0.170383 
	T4 196 46.328410 24.767014 138.985686 0 0.0 0.0 0.0 0.0 0 0 0 0.170383 
	T4 195 46.328410 24.767014 318.985686 0 0.0 0.0 0.0 0.0 0 0 0 0.082043 
	T4 110 68.562553 12.629471 90.045024 9 0.000000 0.000000 0.000000 0.000000 1 1 0 0.082043 
	T4 165 68.391926 16.638111 265.585091 0 0.0 0.0 0.0 0.0 0 0 0 0.000000 
	T4 198 79.669567 17.508830 85.585091 0 0.0 0.0 0.0 0.0 0 0 0 0.000000 
	T4 229 79.561676 18.906245 76.122751 0 0.0 0.0 0.0 0.0 0 0 0 0.000000 
	T4 197 79.669567 17.508830 265.585091 0 0.0 0.0 0.0 0.0 0 0 0 0.000000 
	T4 103 89.562546 18.120659 90.045024 0 0.0 0.0 0.0 0.0 0 0 0 0.000000 
	T4 200 89.500139 22.847458 90.013326 0 0.0 0.0 0.0 0.0 0 0 0 0.000000 
	T4 102 100.811343 22.844827 90.013326 0 0.0 0.0 0.0 0.0 0 0 0 0.000000 
	T4 199 89.500139 22.847458 270.013326 0 0.0 0.0 0.0 0.0 0 0 0 0.000000 
	T4 229 89.499813 21.445884 260.550986 0 0.0 0.0 0.0 0.0 0 0 0 0.000000 
	T4 161 189.068107 48.776717 72.777498 0 0.0 0.0 0.0 0.0 0 0 0 0.000000 
	T4 202 181.426809 46.408051 252.777498 0 0.0 0.0 0.0 0.0 0 0 0 0.000000 
	T4 201 181.426809 46.408051 72.777498 0 0.0 0.0 0.0 0.0 0 0 0 0.000000 
	T4 206 170.622775 43.058994 252.777498 0 0.0 0.0 0.0 0.0 0 0 0 0.000000 
	T4 203 171.037758 41.720263 243.315158 0 0.0 0.0 0.0 0.0 0 0 0 0.000000 
	T4 207 166.352995 38.714449 231.315158 0 0.0 0.0 0.0 0.0 0 0 0 0.000000 
	T4 202 171.037758 41.720263 63.315158 0 0.0 0.0 0.0 0.0 0 0 0 0.000000 
	T4 206 151.890399 34.486165 59.896563 0 0.0 0.0 0.0 0.0 0 0 0 0.000000 
	T4 230 142.104835 28.812888 239.896563 0 0.0 0.0 0.0 0.0 0 0 0 0.000000 
	T4 205 142.807812 27.600356 230.434223 0 0.0 0.0 0.0 0.0 0 0 0 0.000000 
	T4 103 120.875075 18.096053 270.045024 0 0.0 0.0 0.0 0.0 0 0 0 0.000000 
	T4 204 142.807812 27.600356 50.434223 0 0.0 0.0 0.0 0.0 0 0 0 0.000000 
	T4 204 151.890399 34.486165 239.896563 0 0.0 0.0 0.0 0.0 0 0 0 0.000000 
	T4 202 170.622775 43.058994 72.777498 0 0.0 0.0 0.0 0.0 0 0 0 0.000000 
	T4 203 166.329478 38.694912 51.315158 0 0.0 0.0 0.0 0.0 0 0 0 0.000000 
	T4 208 157.500000 31.625000 231.315158 0 0.0 0.0 0.0 0.0 0 0 0 0.000000 
	T4 209 156.623966 32.719063 240.777498 0 0.0 0.0 0.0 0.0 0 0 0 0.000000 
	T4 207 157.500000 31.625000 51.315158 0 0.0 0.0 0.0 0.0 0 0 0 0.000000 
	T4 210 151.564776 26.872567 231.315158 0 0.0 0.0 0.0 0.0 0 0 0 0.000000 
	T4 73 120.187766 15.338506 270.045024 0 0.0 0.0 0.0 0.0 0 0 0 0.000000 
	T4 207 156.623966 32.719063 60.777498 0 0.0 0.0 0.0 0.0 0 0 0 0.000000 
	T4 69 119.624874 12.589345 270.045024 0 0.0 0.0 0.0 0.0 0 0 0 0.000000 
	T4 208 151.564776 26.872567 51.315158 0 0.0 0.0 0.0 0.0 0 0 0 0.000000 
	T4 220 222.706694 28.530352 349.619848 0 0.0 0.0 0.0 0.0 0 0 0 0.000000 
	T4 221 224.283610 19.921618 169.619848 0 0.0 0.0 0.0 0.0 0 0 0 0.000000 
	T4 223 222.904974 19.669084 183.655985 0 0.0 0.0 0.0 0.0 0 0 0 0.000000 
	T4 221 224.937500 12.625000 0.000000 0 0.0 0.0 0.0 0.0 0 0 0 0.000000 
	T4 161 203.858308 48.589287 288.674105 0 0.0 0.0 0.0 0.0 0 0 0 0.000000 
	T4 218 222.706694 28.530352 169.619848 0 0.0 0.0 0.0 0.0 0 0 0 0.000000 
	T4 218 224.283610 19.921618 349.619848 0 0.0 0.0 0.0 0.0 0 0 0 0.000000 
	T4 219 224.937500 12.625000 180.000000 0 0.0 0.0 0.0 0.0 0 0 0 0.000000 
	T4 223 222.437500 12.625000 0.000000 0 0.0 0.0 0.0 0.0 0 0 0 0.000000 
	T4 218 222.904974 19.669084 3.655985 0 0.0 0.0 0.0 0.0 0 0 0 0.000000 
	T4 222 222.437500 12.625000 180.000000 0 0.0 0.0 0.0 0.0 0 0 0 0.000000 
	T4 197 79.561676 18.906245 256.122751 0 0.0 0.0 0.0 0.0 0 0 0 0.000000 
	T4 200 89.499813 21.445884 80.550986 0 0.0 0.0 0.0 0.0 0 0 0 0.000000 
	T4 204 142.104835 28.812888 59.896563 0 0.0 0.0 0.0 0.0 0 0 0 0.000000 
	T4 102 121.940762 22.839913 270.013326 0 0.0 0.0 0.0 0.0 0 0 0 0.000000 
	T4 100 186.000000 7.281250 270.000000 9 0.000000 0.000000 1.750000 1.750000 1 1 0 1.750000 
	T4 176 146.796797 18.004461 239.373459 0 0.0 0.0 0.0 0.0 0 0 0 0.187500 
	T4 97 158.014731 26.279414 51.977498 0 0.0 0.0 0.0 0.0 0 0 0 0.187500 
	T4 178 156.865683 20.420189 248.835799 0 0.0 0.0 0.0 0.0 0 0 0 0.187500 
	T4 247 160.595881 21.864357 68.835799 0 0.0 0.0 0.0 0.0 0 0 0 0.187500 
	T4 178 157.371710 19.113151 260.159139 0 0.0 0.0 0.0 0.0 0 0 0 0.187500 
	T4 70 175.584888 20.755006 90.000000 0 0.0 0.0 0.0 0.0 0 0 0 0.187500 
	T4 245 160.645133 21.878209 248.835799 0 0.0 0.0 0.0 0.0 0 0 0 0.187500 
	T4 249 170.000000 25.500000 68.835799 0 0.0 0.0 0.0 0.0 0 0 0 0.187500 
	T4 248 170.506027 24.192963 80.159139 0 0.0 0.0 0.0 0.0 0 0 0 0.187500 
	T4 247 170.506027 24.192963 260.159139 0 0.0 0.0 0.0 0.0 0 0 0 0.187500 
	T4 71 183.348358 24.795982 90.000000 0 0.0 0.0 0.0 0.0 0 0 0 0.187500 
	T4 247 170.000000 25.500000 248.835799 0 0.0 0.0 0.0 0.0 0 0 0 0.187500 
	T4 125 19.160086 70.875124 179.821564 0 0.0 0.0 0.0 0.0 0 0 0 0.000000 
	T4 258 5.046875 88.225805 180.000000 9 0.000000 0.000000 0.000000 0.000000 1 1 0 0.000000 
	T4 170 4.401339 70.486854 179.592208 9 0.000000 0.000000 0.187500 0.187500 1 1 0 0.093750 
	T4 257 5.046875 88.225805 0.000000 9 0.000000 0.000000 0.000000 0.000000 1 1 0 0.093750 
	T4 182 5.762921 35.915546 341.108970 0 0.0 0.0 0.0 0.0 0 0 0 0.113909 
	T4 183 9.010811 26.424386 161.108970 0 0.0 0.0 0.0 0.0 0 0 0 0.113909 
	T4 185 7.684732 25.970599 172.432310 0 0.0 0.0 0.0 0.0 0 0 0 0.113909 
